0.6142270861833106
0.6213364595545134
0.6639344262295082
0.6639344262295082
0.6142270861833106
0.6213364595545134
0.6142270861833106
0.6213364595545134
0.6142270861833106
0.6213364595545134
0.6142270861833106
0.6213364595545134
0.6142270861833106
0.6213364595545134
0.6142270861833106
0.6213364595545134
0.6266666666666667
0.6142270861833106
0.6213364595545134
0.6266666666666667
0.6639344262295082
0.6639344262295082
0.6639344262295082
0.6639344262295082
0.3360655737704918
NaN
0.6639344262295082
1.0
0.7980295566502463
NaN
0.0
NaN
0.6639344262295082
0.6639344262295082
0.6639344262295082
0.3360655737704918
NaN
0.6639344262295082
1.0
0.7980295566502463
NaN
0.0
NaN
0.6639344262295082
0.6639344262295082
0.6639344262295082
0.3360655737704918
NaN
0.6639344262295082
1.0
0.7980295566502463
NaN
0.0
NaN
0.6639344262295082
0.6639344262295082
0.3360655737704918
NaN
0.6639344262295082
1.0
0.7980295566502463
NaN
0.0
NaN
0.6639344262295082
0.6639344262295082
0.6639344262295082
0.6639344262295082
0.6639344262295082
0.6639344262295082
0.55625
0.5366666666666666
